44,1
44,3
167,52
167,51
167,50
167,49
167,48
167,47
167,46
167,45
167,44
167,43
167,42
167,41
167,40
167,39
167,38
167,37
167,36
138,1
138,3
167,35
164,4
164,3
164,2
164,1
164,0
160,3
160,2
160,1
160,0
159,6
159,5
159,4
159,3
159,2
159,1
159,0
158,5
158,4
158,3
158,2
158,1
158,0
157,5
157,4
157,3
157,2
157,1
157,0
156,6
156,5
156,3
156,2
156,0
155,5
155,4
155,3
155,2
155,1
155,0
154,5
154,4
154,3
154,2
154,1
154,0
153,4
153,3
153,2
153,1
153,0
141,6
141,5
141,1
141,4
141,3
133,3
133,1
132,3
132,1
42,2
40,3
40,1
39,3
39,1
38,3
38,1
37,3
37,1
36,3
36,1
35,3
35,1
33,4
33,3
33,1
30,3
30,1
29,3
29,1
28,3
28,1
20,2
20,3
20,1
12,3
19,2
12,2
19,1
12,1
19,3
11,3
11,2
11,1
10,3
10,2
18,1
10,1
18,3
9,3
